SUMMARY OF CLT AND RPM HEURISTICS.



------------------------------------------------------------------
% RELATIVE ERROR IN MU (AVG, MAX)
------------------------------------------------------------------
CPM: (0.04235533447126268, 0.6324825228883602)
K LOWER: (0.03286692675676285, 0.4890438351179266)
K UPPER: (0.10478822347452883, 0.6365155576543787)
SCULLI: (0.07513438619288199, 0.3924422074039977)
CORLCA: (0.003573608809626802, 0.1875846566297903)
MC10: (0.15315712046438879, 0.8620513669257269)
SIM10: (0.017974488602065297, 0.17077953748829353)
DOM10: (0.015382080662998182, 0.08375736541859215)
MC100: (0.04926407220694461, 0.2722082008733024)
SIM100: (0.015008514935780952, 0.09055828629410294)
DOM100: (0.015275172494425398, 0.08745843956247006)



------------------------------------------------------------------
% RELATIVE ERROR IN VAR (AVG, MAX)
------------------------------------------------------------------
K LOWER: (99.9601871204496, 100.00000000000001)
K UPPER: (8.420294022717183, 81.21414341373884)
SCULLI: (15.084493680143781, 63.796894350590364)
CORLCA: (0.8148665070502625, 23.80704002962457)
MC10: (33.68510672047532, 164.57981303026435)
SIM10: (4.010094021392935, 27.152873039299212)
DOM10: (3.610656923425905, 14.92555313233491)
MC100: (10.963344505620592, 51.176199292582005)
SIM100: (3.5101760537969127, 17.59072525816643)
DOM100: (3.667971326359682, 14.678604963012091)



------------------------------------------------------------------
KS STATISTICS (AVG, MAX)
------------------------------------------------------------------
SCULLI: (0.07562587526773613, 0.5419810221177694)
CORLCA: (0.005191720426949278, 0.1452613661377411)
MC10: (0.25893386666666657, 0.57946)
SIM10: (0.02920348888888884, 0.1194)
DOM10: (0.02762293888888885, 0.0756899999999999)
MC100: (0.0856905277777778, 0.19498)
SIM100: (0.027229711111111093, 0.0706799999999999)
DOM100: (0.027688277777777767, 0.0676799999999999)
