SUMMARY OF CLT AND RPM HEURISTICS.



------------------------------------------------------------------
% RELATIVE ERROR IN MU (AVG, MAX)
------------------------------------------------------------------
CPM: (1.0493630452762663, 11.276090988264858)
K LOWER: (0.7144735751838932, 7.271050534373905)
K UPPER: (3.3156988175198134, 30.88604146171294)
SCULLI: (0.8383467565877162, 6.0925178355355145)
CORLCA: (0.08958870964405202, 2.0971609639309414)
MC10: (0.4677140296806764, 6.1314502027748405)
SIM10: (0.4261581069574308, 8.02742418427627)
DOM10: (0.2873323165047549, 6.153798220526801)
MC100: (0.15995368344327612, 1.904656381915574)
SIM100: (0.1370897929035273, 3.544938809974301)
DOM100: (0.10766293963159783, 2.998633952876013)



------------------------------------------------------------------
% RELATIVE ERROR IN VAR (AVG, MAX)
------------------------------------------------------------------
K LOWER: (99.95718951398625, 100.00000000000001)
K UPPER: (18.56411230113883, 138.11592063598712)
SCULLI: (30.268956453835198, 91.82898165227031)
CORLCA: (5.344834958176285, 72.85056204263076)
MC10: (34.71693550237116, 195.43564759251947)
SIM10: (4.79536968606871, 50.6312865716503)
DOM10: (5.262757432050932, 69.2558465296381)
MC100: (11.59156666816535, 53.60739648214272)
SIM100: (3.997671673933361, 18.670931597190503)
DOM100: (4.30524104891345, 38.88431673045736)



------------------------------------------------------------------
KS STATISTICS (AVG, MAX)
------------------------------------------------------------------
SCULLI: (0.1652727321627473, 0.8657557312238241)
CORLCA: (0.017243043662104794, 0.2768843401158507)
MC10: (0.2577406388888895, 0.65928)
SIM10: (0.05795082222222206, 0.66661)
DOM10: (0.045450683333333304, 0.51333)
MC100: (0.08600381666666647, 0.2174899999999999)
SIM100: (0.0338801569444444, 0.3637)
DOM100: (0.03214098194444448, 0.28323)
