SUMMARY OF CLT AND RPM HEURISTICS.



------------------------------------------------------------------
% RELATIVE ERROR IN MU (AVG, MAX)
------------------------------------------------------------------
CPM: (0.4652668612141069, 2.6279385845620022)
K LOWER: (0.34270933730478664, 1.7143111177291552)
K UPPER: (1.3699737438522408, 5.384890707198646)
SCULLI: (0.6148032425066553, 1.727045361198405)
CORLCA: (0.03704750409508584, 0.594388629257255)
MC10: (0.4745715843856397, 2.1534093786460113)
SIM10: (0.11805475261904733, 1.1049937718109322)
DOM10: (0.06801564200475035, 0.8454196846732335)
MC100: (0.1505842365227958, 0.8244642268003254)
SIM100: (0.05199294644157, 0.312801055362217)
DOM100: (0.04786394357555, 0.25132465054778874)



------------------------------------------------------------------
% RELATIVE ERROR IN VAR (AVG, MAX)
------------------------------------------------------------------
K LOWER: (99.95527014801081, 100.00000000000001)
K UPPER: (19.257707688565752, 109.25851198454554)
SCULLI: (37.61208491350764, 83.67059805243188)
CORLCA: (3.628347905655217, 48.970335833813195)
MC10: (34.86267908492943, 195.43564759251947)
SIM10: (4.857669692027023, 34.64290282735489)
DOM10: (4.19272458426957, 38.926107856253495)
MC100: (11.28113102104144, 53.28049959664877)
SIM100: (3.765169087305151, 16.90726728562411)
DOM100: (3.749382507471882, 14.452953111174878)



------------------------------------------------------------------
KS STATISTICS (AVG, MAX)
------------------------------------------------------------------
SCULLI: (0.20283127049823393, 0.7521546843157929)
CORLCA: (0.014743868741170327, 0.2084691832491076)
MC10: (0.25858249999999966, 0.65928)
SIM10: (0.04037787777777774, 0.24868)
DOM10: (0.03102563333333335, 0.20259)
MC100: (0.08521860555555558, 0.2174899999999999)
SIM100: (0.028305838888888827, 0.07488)
DOM100: (0.02800430555555554, 0.06621)
