SUMMARY OF CLT AND RPM HEURISTICS.



------------------------------------------------------------------
% RELATIVE ERROR IN MU (AVG, MAX)
------------------------------------------------------------------
CPM: (0.005152417334841778, 0.18717697593644253)
K LOWER: (0.0040935998850249455, 0.1397150925488791)
K UPPER: (0.010615553765540365, 0.15748866012897592)
SCULLI: (0.008853856398022634, 0.11393246154820232)
CORLCA: (0.0005728255687845981, 0.01684638639064903)
MC10: (0.048763243216612705, 0.2514690256095023)
SIM10: (0.005484086420765863, 0.06325210439546664)
DOM10: (0.005157078379267519, 0.029495332756687833)
MC100: (0.015928117575722014, 0.07730483209041056)
SIM100: (0.0052709729709163235, 0.0357904193133563)
DOM100: (0.005185632968690253, 0.030326405077199622)



------------------------------------------------------------------
% RELATIVE ERROR IN VAR (AVG, MAX)
------------------------------------------------------------------
K LOWER: (99.9600255116864, 100.00000000000001)
K UPPER: (5.321672484163981, 77.26705625847723)
SCULLI: (5.34890644687357, 61.38870367576391)
CORLCA: (0.4236309565405925, 12.982806974854956)
MC10: (33.93089195730239, 166.81410010423446)
SIM10: (3.6796383693405783, 28.603095465231792)
DOM10: (3.6530768697971947, 16.841506316642366)
MC100: (10.913591375803188, 46.09089989893472)
SIM100: (3.500314254279979, 15.455921833656568)
DOM100: (3.604579032079858, 15.735960295665633)



------------------------------------------------------------------
KS STATISTICS (AVG, MAX)
------------------------------------------------------------------
SCULLI: (0.026480370792331884, 0.5089960657289911)
CORLCA: (0.0031657690106928343, 0.0474861261484927)
MC10: (0.25581072777777764, 0.5961000000000001)
SIM10: (0.02797013333333324, 0.14334)
DOM10: (0.02761454444444441, 0.0701799999999999)
MC100: (0.08533461666666685, 0.20972)
SIM100: (0.027671361111111063, 0.07362)
DOM100: (0.027635066666666576, 0.07499)
