SUMMARY OF CLT AND RPM HEURISTICS.



------------------------------------------------------------------
% RELATIVE ERROR IN MU (AVG, MAX)
------------------------------------------------------------------
CPM: (3.6846775680848487, 11.276090988264858)
K LOWER: (2.478224436788995, 7.271050534373905)
K UPPER: (11.777417748986968, 30.88604146171294)
SCULLI: (2.6545955412532978, 6.0925178355355145)
CORLCA: (0.31716090010271103, 2.0971609639309414)
MC10: (1.1943641706560606, 6.1314502027748405)
SIM10: (1.5631191001878437, 8.02742418427627)
DOM10: (1.0607744649720072, 6.153798220526801)
MC100: (0.42403830746764204, 1.904656381915574)
SIM100: (0.4760867372658415, 3.544938809974301)
DOM100: (0.36232700948772534, 2.998633952876013)



------------------------------------------------------------------
% RELATIVE ERROR IN VAR (AVG, MAX)
------------------------------------------------------------------
K LOWER: (99.95327527579812, 100.00000000000001)
K UPPER: (41.256775009108125, 138.11592063598712)
SCULLI: (63.03034077481578, 91.82898165227031)
CORLCA: (16.512494463459074, 72.85056204263076)
MC10: (36.389064246777316, 186.48901054155021)
SIM10: (6.6340766615142215, 50.6312865716503)
DOM10: (9.594571350710996, 69.2558465296381)
MC100: (13.2081997701962, 53.60739648214272)
SIM100: (5.215027300351368, 18.670931597190503)
DOM100: (6.199031329742347, 38.88431673045736)



------------------------------------------------------------------
KS STATISTICS (AVG, MAX)
------------------------------------------------------------------
SCULLI: (0.35615341209269047, 0.8657557312238241)
CORLCA: (0.04587081646960652, 0.2768843401158507)
MC10: (0.2576354611111112, 0.62946)
SIM10: (0.13425178888888875, 0.66661)
DOM10: (0.09553961666666651, 0.51333)
MC100: (0.08777151666666667, 0.2116199999999999)
SIM100: (0.052313716666666586, 0.3637)
DOM100: (0.04523627777777773, 0.28323)
